1.00 0.93 0.35 0.90 0.86 0.78 0.79 0.77 0.62 0.10 0.62 0.10 0.54 0.52 0.30 0.41 0.03 0.45 0.42 -0.04 0.17 -0.16 0.03 0.15 0.34 0.17 0.15 0.15 0.13 0.32 0.29 0.15 0.27 0.26 -0.09 0.27 0.26 0.14 0.06 0.14 0.06 0.15 0.23 0.16 0.09 0.11 0.11 0.11 0.14 0.10 0.12 0.16 0.18
0.93 1.00 0.34 0.87 0.95 0.77 0.90 0.85 0.63 0.15 0.67 0.16 0.60 0.58 0.35 0.43 0.07 0.52 0.50 -0.01 0.19 -0.13 0.05 0.17 0.44 0.20 0.18 0.19 0.20 0.40 0.37 0.23 0.35 0.34 -0.01 0.34 0.34 0.22 0.14 0.22 0.14 0.22 0.31 0.25 0.13 0.15 0.15 0.15 0.19 0.15 0.18 0.25 0.27
0.35 0.34 1.00 0.36 0.35 0.34 0.33 0.31 0.30 0.94 0.32 0.91 0.30 0.29 0.68 0.24 0.80 0.26 0.25 0.62 0.16 0.75 0.44 0.14 0.19 0.16 0.14 0.15 0.42 0.24 0.23 0.54 0.22 0.21 0.80 0.20 0.21 0.58 0.68 0.56 0.66 0.46 0.21 0.37 0.26 0.18 0.18 0.18 0.19 0.17 0.15 0.34 0.26
0.90 0.87 0.36 1.00 0.94 0.98 0.93 0.94 0.90 0.25 0.89 0.29 0.85 0.84 0.61 0.76 0.30 0.79 0.77 0.32 0.58 0.10 0.43 0.57 0.71 0.58 0.57 0.57 0.53 0.70 0.67 0.52 0.66 0.66 0.15 0.66 0.65 0.51 0.40 0.50 0.40 0.53 0.63 0.56 0.51 0.53 0.53 0.53 0.56 0.53 0.54 0.56 0.59
0.86 0.95 0.35 0.94 1.00 0.91 0.99 0.97 0.83 0.25 0.86 0.28 0.81 0.79 0.56 0.68 0.26 0.75 0.74 0.23 0.47 0.05 0.32 0.45 0.69 0.49 0.47 0.48 0.47 0.66 0.63 0.49 0.61 0.61 0.15 0.61 0.61 0.47 0.37 0.47 0.37 0.49 0.59 0.52 0.42 0.44 0.44 0.44 0.48 0.44 0.47 0.53 0.55
0.78 0.77 0.34 0.98 0.91 1.00 0.92 0.96 0.97 0.30 0.96 0.36 0.94 0.93 0.72 0.89 0.41 0.90 0.89 0.48 0.74 0.23 0.60 0.73 0.84 0.74 0.74 0.73 0.69 0.83 0.82 0.67 0.81 0.80 0.27 0.81 0.80 0.65 0.53 0.65 0.54 0.69 0.79 0.72 0.68 0.71 0.70 0.70 0.73 0.70 0.71 0.72 0.75
0.79 0.90 0.33 0.93 0.99 0.92 1.00 0.99 0.87 0.28 0.91 0.32 0.87 0.86 0.63 0.76 0.32 0.83 0.82 0.32 0.57 0.12 0.42 0.55 0.78 0.59 0.57 0.58 0.57 0.75 0.73 0.58 0.71 0.70 0.22 0.71 0.71 0.56 0.45 0.56 0.46 0.59 0.69 0.63 0.53 0.55 0.55 0.55 0.59 0.55 0.57 0.63 0.65
0.77 0.85 0.31 0.94 0.97 0.96 0.99 1.00 0.93 0.29 0.96 0.34 0.93 0.92 0.69 0.84 0.37 0.89 0.88 0.40 0.67 0.17 0.52 0.66 0.85 0.69 0.68 0.68 0.66 0.82 0.80 0.65 0.79 0.79 0.25 0.79 0.79 0.63 0.51 0.63 0.52 0.67 0.77 0.70 0.63 0.65 0.65 0.65 0.69 0.65 0.67 0.71 0.73
0.62 0.63 0.30 0.90 0.83 0.97 0.87 0.93 1.00 0.34 0.99 0.41 0.99 0.99 0.80 0.97 0.51 0.97 0.97 0.61 0.87 0.35 0.75 0.87 0.94 0.88 0.87 0.87 0.82 0.94 0.93 0.79 0.92 0.92 0.37 0.92 0.92 0.77 0.65 0.77 0.66 0.81 0.90 0.85 0.83 0.85 0.85 0.85 0.86 0.84 0.85 0.86 0.88
0.10 0.15 0.94 0.25 0.25 0.30 0.28 0.29 0.34 1.00 0.37 1.00 0.38 0.38 0.81 0.37 0.95 0.38 0.38 0.81 0.35 0.92 0.65 0.34 0.35 0.35 0.34 0.35 0.62 0.40 0.40 0.73 0.39 0.39 0.96 0.38 0.39 0.76 0.86 0.75 0.85 0.66 0.40 0.58 0.48 0.39 0.39 0.39 0.40 0.39 0.36 0.54 0.47
0.62 0.67 0.32 0.89 0.86 0.96 0.91 0.96 0.99 0.37 1.00 0.43 1.00 0.99 0.82 0.96 0.52 0.98 0.97 0.60 0.85 0.35 0.73 0.84 0.94 0.86 0.85 0.85 0.82 0.94 0.93 0.80 0.92 0.92 0.39 0.92 0.92 0.78 0.67 0.79 0.68 0.83 0.91 0.86 0.82 0.83 0.83 0.83 0.86 0.83 0.85 0.87 0.88
0.10 0.16 0.91 0.29 0.28 0.36 0.32 0.34 0.41 1.00 0.43 1.00 0.45 0.45 0.86 0.45 0.97 0.46 0.46 0.86 0.43 0.94 0.72 0.42 0.43 0.44 0.43 0.44 0.69 0.48 0.48 0.79 0.47 0.47 0.97 0.46 0.47 0.82 0.91 0.81 0.89 0.73 0.48 0.65 0.56 0.48 0.48 0.48 0.48 0.48 0.45 0.62 0.55
0.54 0.60 0.30 0.85 0.81 0.94 0.87 0.93 0.99 0.38 1.00 0.45 1.00 1.00 0.83 0.98 0.55 0.99 0.99 0.64 0.89 0.39 0.77 0.88 0.97 0.90 0.89 0.89 0.86 0.97 0.96 0.84 0.95 0.95 0.42 0.95 0.95 0.82 0.70 0.82 0.71 0.86 0.94 0.90 0.86 0.88 0.88 0.88 0.90 0.88 0.89 0.90 0.92
0.52 0.58 0.29 0.84 0.79 0.93 0.86 0.92 0.99 0.38 0.99 0.45 1.00 1.00 0.84 0.98 0.56 1.00 0.99 0.66 0.90 0.40 0.79 0.90 0.97 0.91 0.91 0.91 0.88 0.97 0.97 0.85 0.96 0.96 0.43 0.96 0.96 0.83 0.71 0.83 0.73 0.87 0.95 0.91 0.88 0.89 0.89 0.89 0.91 0.89 0.90 0.91 0.93
0.30 0.35 0.68 0.61 0.56 0.72 0.63 0.69 0.80 0.81 0.82 0.86 0.83 0.84 1.00 0.84 0.92 0.84 0.85 0.92 0.80 0.82 0.91 0.80 0.82 0.81 0.80 0.81 0.94 0.86 0.86 0.97 0.85 0.85 0.85 0.84 0.85 0.98 0.97 0.98 0.97 0.96 0.85 0.93 0.87 0.83 0.83 0.83 0.84 0.83 0.81 0.91 0.88
0.41 0.43 0.24 0.76 0.68 0.89 0.76 0.84 0.97 0.37 0.96 0.45 0.98 0.98 0.84 1.00 0.59 0.99 0.99 0.72 0.96 0.45 0.86 0.96 0.98 0.96 0.96 0.96 0.91 0.98 0.98 0.87 0.98 0.98 0.46 0.98 0.98 0.85 0.74 0.86 0.75 0.91 0.98 0.94 0.93 0.95 0.95 0.95 0.96 0.95 0.95 0.94 0.96
0.03 0.07 0.80 0.30 0.26 0.41 0.32 0.37 0.51 0.95 0.52 0.97 0.55 0.56 0.92 0.59 1.00 0.57 0.58 0.95 0.60 0.97 0.85 0.60 0.56 0.61 0.60 0.61 0.82 0.62 0.62 0.89 0.62 0.62 0.98 0.61 0.62 0.91 0.97 0.90 0.96 0.84 0.63 0.78 0.72 0.65 0.65 0.65 0.64 0.65 0.62 0.75 0.69
0.45 0.52 0.26 0.79 0.75 0.90 0.83 0.89 0.97 0.38 0.98 0.46 0.99 1.00 0.84 0.99 0.57 1.00 1.00 0.69 0.93 0.43 0.82 0.92 0.99 0.93 0.93 0.93 0.90 0.99 0.98 0.87 0.98 0.98 0.45 0.98 0.98 0.85 0.73 0.85 0.75 0.90 0.97 0.93 0.91 0.92 0.92 0.92 0.94 0.92 0.93 0.94 0.96
0.42 0.50 0.25 0.77 0.74 0.89 0.82 0.88 0.97 0.38 0.97 0.46 0.99 0.99 0.85 0.99 0.58 1.00 1.00 0.70 0.93 0.44 0.83 0.93 0.99 0.94 0.94 0.94 0.91 0.99 0.99 0.88 0.99 0.98 0.46 0.98 0.98 0.85 0.74 0.86 0.75 0.90 0.98 0.94 0.91 0.93 0.93 0.93 0.95 0.93 0.94 0.95 0.96
-0.04 -0.01 0.62 0.32 0.23 0.48 0.32 0.40 0.61 0.81 0.60 0.86 0.64 0.66 0.92 0.72 0.95 0.69 0.70 1.00 0.79 0.94 0.96 0.79 0.70 0.79 0.78 0.79 0.92 0.75 0.76 0.95 0.76 0.76 0.91 0.75 0.76 0.95 0.97 0.95 0.97 0.92 0.77 0.88 0.87 0.82 0.82 0.82 0.81 0.82 0.79 0.86 0.82
0.17 0.19 0.16 0.58 0.47 0.74 0.57 0.67 0.87 0.35 0.85 0.43 0.89 0.90 0.80 0.96 0.60 0.93 0.93 0.79 1.00 0.53 0.92 1.00 0.94 1.00 1.00 1.00 0.94 0.96 0.97 0.88 0.97 0.97 0.50 0.97 0.97 0.85 0.75 0.86 0.77 0.91 0.97 0.95 0.98 0.99 0.99 0.99 0.99 0.99 0.99 0.95 0.97
-0.16 -0.13 0.75 0.10 0.05 0.23 0.12 0.17 0.35 0.92 0.35 0.94 0.39 0.40 0.82 0.45 0.97 0.43 0.44 0.94 0.53 1.00 0.82 0.53 0.43 0.53 0.52 0.53 0.75 0.49 0.51 0.81 0.51 0.51 0.98 0.50 0.51 0.83 0.92 0.83 0.91 0.76 0.52 0.69 0.66 0.58 0.58 0.58 0.56 0.58 0.54 0.66 0.59
0.03 0.05 0.44 0.43 0.32 0.60 0.42 0.52 0.75 0.65 0.73 0.72 0.77 0.79 0.91 0.86 0.85 0.82 0.83 0.96 0.92 0.82 1.00 0.92 0.83 0.92 0.92 0.92 0.98 0.87 0.88 0.97 0.89 0.89 0.78 0.88 0.89 0.96 0.93 0.96 0.93 0.97 0.90 0.95 0.97 0.94 0.94 0.94 0.93 0.94 0.92 0.95 0.92
0.15 0.17 0.14 0.57 0.45 0.73 0.55 0.66 0.87 0.34 0.84 0.42 0.88 0.90 0.80 0.96 0.60 0.92 0.93 0.79 1.00 0.53 0.92 1.00 0.94 1.00 1.00 1.00 0.94 0.96 0.96 0.88 0.97 0.97 0.49 0.97 0.97 0.85 0.75 0.86 0.76 0.91 0.97 0.94 0.98 0.99 0.99 0.99 0.99 0.99 0.99 0.95 0.97
0.34 0.44 0.19 0.71 0.69 0.84 0.78 0.85 0.94 0.35 0.94 0.43 0.97 0.97 0.82 0.98 0.56 0.99 0.99 0.70 0.94 0.43 0.83 0.94 1.00 0.96 0.95 0.96 0.92 1.00 0.99 0.87 0.99 0.99 0.46 0.99 0.99 0.84 0.73 0.85 0.75 0.90 0.99 0.95 0.93 0.94 0.94 0.94 0.96 0.94 0.96 0.96 0.97
0.17 0.20 0.16 0.58 0.49 0.74 0.59 0.69 0.88 0.35 0.86 0.44 0.90 0.91 0.81 0.96 0.61 0.93 0.94 0.79 1.00 0.53 0.92 1.00 0.96 1.00 1.00 1.00 0.95 0.97 0.98 0.89 0.98 0.98 0.50 0.98 0.98 0.86 0.76 0.87 0.78 0.92 0.98 0.96 0.98 1.00 1.00 1.00 0.99 0.99 0.99 0.96 0.98
0.15 0.18 0.14 0.57 0.47 0.74 0.57 0.68 0.87 0.34 0.85 0.43 0.89 0.91 0.80 0.96 0.60 0.93 0.94 0.78 1.00 0.52 0.92 1.00 0.95 1.00 1.00 1.00 0.94 0.97 0.97 0.88 0.98 0.98 0.49 0.98 0.98 0.85 0.75 0.87 0.77 0.92 0.98 0.95 0.98 1.00 1.00 1.00 1.00 1.00 1.00 0.96 0.97
0.15 0.19 0.15 0.57 0.48 0.73 0.58 0.68 0.87 0.35 0.85 0.44 0.89 0.91 0.81 0.96 0.61 0.93 0.94 0.79 1.00 0.53 0.92 1.00 0.96 1.00 1.00 1.00 0.95 0.97 0.98 0.89 0.98 0.98 0.51 0.98 0.98 0.86 0.76 0.87 0.78 0.92 0.98 0.96 0.99 1.00 1.00 1.00 1.00 1.00 1.00 0.96 0.98
0.13 0.20 0.42 0.53 0.47 0.69 0.57 0.66 0.82 0.62 0.82 0.69 0.86 0.88 0.94 0.91 0.82 0.90 0.91 0.92 0.94 0.75 0.98 0.94 0.92 0.95 0.94 0.95 1.00 0.94 0.95 0.99 0.95 0.95 0.74 0.95 0.95 0.97 0.92 0.98 0.93 0.99 0.96 0.99 0.98 0.96 0.96 0.96 0.96 0.96 0.95 0.99 0.98
0.32 0.40 0.24 0.70 0.66 0.83 0.75 0.82 0.94 0.40 0.94 0.48 0.97 0.97 0.86 0.98 0.62 0.99 0.99 0.75 0.96 0.49 0.87 0.96 1.00 0.97 0.97 0.97 0.94 1.00 1.00 0.91 1.00 1.00 0.51 1.00 1.00 0.88 0.78 0.89 0.79 0.93 1.00 0.97 0.95 0.96 0.96 0.96 0.98 0.96 0.97 0.97 0.99
0.29 0.37 0.23 0.67 0.63 0.82 0.73 0.80 0.93 0.40 0.93 0.48 0.96 0.97 0.86 0.98 0.62 0.98 0.99 0.76 0.97 0.51 0.88 0.96 0.99 0.98 0.97 0.98 0.95 1.00 1.00 0.91 1.00 1.00 0.52 1.00 1.00 0.89 0.78 0.89 0.80 0.94 1.00 0.97 0.96 0.97 0.97 0.97 0.98 0.97 0.98 0.98 0.99
0.15 0.23 0.54 0.52 0.49 0.67 0.58 0.65 0.79 0.73 0.80 0.79 0.84 0.85 0.97 0.87 0.89 0.87 0.88 0.95 0.88 0.81 0.97 0.88 0.87 0.89 0.88 0.89 0.99 0.91 0.91 1.00 0.91 0.91 0.83 0.90 0.91 1.00 0.97 1.00 0.97 0.99 0.91 0.98 0.94 0.91 0.91 0.91 0.91 0.91 0.90 0.97 0.94
0.27 0.35 0.22 0.66 0.61 0.81 0.71 0.79 0.92 0.39 0.92 0.47 0.95 0.96 0.85 0.98 0.62 0.98 0.99 0.76 0.97 0.51 0.89 0.97 0.99 0.98 0.98 0.98 0.95 1.00 1.00 0.91 1.00 1.00 0.51 1.00 1.00 0.88 0.78 0.89 0.80 0.94 1.00 0.97 0.97 0.98 0.98 0.98 0.99 0.98 0.98 0.98 0.99
0.26 0.34 0.21 0.66 0.61 0.80 0.70 0.79 0.92 0.39 0.92 0.47 0.95 0.96 0.85 0.98 0.62 0.98 0.98 0.76 0.97 0.51 0.89 0.97 0.99 0.98 0.98 0.98 0.95 1.00 1.00 0.91 1.00 1.00 0.51 1.00 1.00 0.88 0.78 0.89 0.80 0.94 1.00 0.97 0.97 0.98 0.98 0.98 0.99 0.98 0.99 0.98 0.99
-0.09 -0.01 0.80 0.15 0.15 0.27 0.22 0.25 0.37 0.96 0.39 0.97 0.42 0.43 0.85 0.46 0.98 0.45 0.46 0.91 0.50 0.98 0.78 0.49 0.46 0.50 0.49 0.51 0.74 0.51 0.52 0.83 0.51 0.51 1.00 0.50 0.51 0.85 0.93 0.84 0.93 0.77 0.53 0.70 0.63 0.55 0.55 0.55 0.55 0.55 0.52 0.67 0.60
0.27 0.34 0.20 0.66 0.61 0.81 0.71 0.79 0.92 0.38 0.92 0.46 0.95 0.96 0.84 0.98 0.61 0.98 0.98 0.75 0.97 0.50 0.88 0.97 0.99 0.98 0.98 0.98 0.95 1.00 1.00 0.90 1.00 1.00 0.50 1.00 1.00 0.88 0.77 0.89 0.79 0.94 1.00 0.97 0.96 0.98 0.98 0.98 0.99 0.98 0.98 0.98 0.99
0.26 0.34 0.21 0.65 0.61 0.80 0.71 0.79 0.92 0.39 0.92 0.47 0.95 0.96 0.85 0.98 0.62 0.98 0.98 0.76 0.97 0.51 0.89 0.97 0.99 0.98 0.98 0.98 0.95 1.00 1.00 0.91 1.00 1.00 0.51 1.00 1.00 0.88 0.78 0.89 0.79 0.94 1.00 0.97 0.97 0.98 0.98 0.98 0.99 0.98 0.98 0.98 0.99
0.14 0.22 0.58 0.51 0.47 0.65 0.56 0.63 0.77 0.76 0.78 0.82 0.82 0.83 0.98 0.85 0.91 0.85 0.85 0.95 0.85 0.83 0.96 0.85 0.84 0.86 0.85 0.86 0.97 0.88 0.89 1.00 0.88 0.88 0.85 0.88 0.88 1.00 0.98 1.00 0.99 0.99 0.89 0.96 0.92 0.89 0.89 0.89 0.89 0.88 0.87 0.95 0.92
0.06 0.14 0.68 0.40 0.37 0.53 0.45 0.51 0.65 0.86 0.67 0.91 0.70 0.71 0.97 0.74 0.97 0.73 0.74 0.97 0.75 0.92 0.93 0.75 0.73 0.76 0.75 0.76 0.92 0.78 0.78 0.97 0.78 0.78 0.93 0.77 0.78 0.98 1.00 0.98 1.00 0.95 0.79 0.90 0.85 0.80 0.80 0.79 0.80 0.79 0.78 0.89 0.84
0.14 0.22 0.56 0.50 0.47 0.65 0.56 0.63 0.77 0.75 0.79 0.81 0.82 0.83 0.98 0.86 0.90 0.85 0.86 0.95 0.86 0.83 0.96 0.86 0.85 0.87 0.87 0.87 0.98 0.89 0.89 1.00 0.89 0.89 0.84 0.89 0.89 1.00 0.98 1.00 0.98 0.99 0.90 0.97 0.93 0.90 0.90 0.90 0.90 0.90 0.88 0.96 0.93
0.06 0.14 0.66 0.40 0.37 0.54 0.46 0.52 0.66 0.85 0.68 0.89 0.71 0.73 0.97 0.75 0.96 0.75 0.75 0.97 0.77 0.91 0.93 0.76 0.75 0.78 0.77 0.78 0.93 0.79 0.80 0.97 0.80 0.80 0.93 0.79 0.79 0.99 1.00 0.98 1.00 0.95 0.81 0.91 0.86 0.81 0.81 0.81 0.81 0.81 0.79 0.90 0.85
0.15 0.22 0.46 0.53 0.49 0.69 0.59 0.67 0.81 0.66 0.83 0.73 0.86 0.87 0.96 0.91 0.84 0.90 0.90 0.92 0.91 0.76 0.97 0.91 0.90 0.92 0.92 0.92 0.99 0.93 0.94 0.99 0.94 0.94 0.77 0.94 0.94 0.99 0.95 0.99 0.95 1.00 0.94 0.99 0.96 0.94 0.94 0.94 0.94 0.94 0.93 0.99 0.97
0.23 0.31 0.21 0.63 0.59 0.79 0.69 0.77 0.90 0.40 0.91 0.48 0.94 0.95 0.85 0.98 0.63 0.97 0.98 0.77 0.97 0.52 0.90 0.97 0.99 0.98 0.98 0.98 0.96 1.00 1.00 0.91 1.00 1.00 0.53 1.00 1.00 0.89 0.79 0.90 0.81 0.94 1.00 0.98 0.97 0.98 0.98 0.98 0.99 0.98 0.99 0.98 1.00
0.16 0.25 0.37 0.56 0.52 0.72 0.63 0.70 0.85 0.58 0.86 0.65 0.90 0.91 0.93 0.94 0.78 0.93 0.94 0.88 0.95 0.69 0.95 0.94 0.95 0.96 0.95 0.96 0.99 0.97 0.97 0.98 0.97 0.97 0.70 0.97 0.97 0.96 0.90 0.97 0.91 0.99 0.98 1.00 0.98 0.97 0.97 0.97 0.97 0.97 0.97 1.00 0.99
0.09 0.13 0.26 0.51 0.42 0.68 0.53 0.63 0.83 0.48 0.82 0.56 0.86 0.88 0.87 0.93 0.72 0.91 0.91 0.87 0.98 0.66 0.97 0.98 0.93 0.98 0.98 0.99 0.98 0.95 0.96 0.94 0.97 0.97 0.63 0.96 0.97 0.92 0.85 0.93 0.86 0.96 0.97 0.98 1.00 0.99 0.99 0.99 0.99 0.99 0.99 0.98 0.98
0.11 0.15 0.18 0.53 0.44 0.71 0.55 0.65 0.85 0.39 0.83 0.48 0.88 0.89 0.83 0.95 0.65 0.92 0.93 0.82 0.99 0.58 0.94 0.99 0.94 1.00 1.00 1.00 0.96 0.96 0.97 0.91 0.98 0.98 0.55 0.98 0.98 0.89 0.80 0.90 0.81 0.94 0.98 0.97 0.99 1.00 1.00 1.00 1.00 1.00 1.00 0.97 0.98
0.11 0.15 0.18 0.53 0.44 0.70 0.55 0.65 0.85 0.39 0.83 0.48 0.88 0.89 0.83 0.95 0.65 0.92 0.93 0.82 0.99 0.58 0.94 0.99 0.94 1.00 1.00 1.00 0.96 0.96 0.97 0.91 0.98 0.98 0.55 0.98 0.98 0.89 0.80 0.90 0.81 0.94 0.98 0.97 0.99 1.00 1.00 1.00 1.00 1.00 1.00 0.97 0.98
0.11 0.15 0.18 0.53 0.44 0.70 0.55 0.65 0.85 0.39 0.83 0.48 0.88 0.89 0.83 0.95 0.65 0.92 0.93 0.82 0.99 0.58 0.94 0.99 0.94 1.00 1.00 1.00 0.96 0.96 0.97 0.91 0.98 0.98 0.55 0.98 0.98 0.89 0.79 0.90 0.81 0.94 0.98 0.97 0.99 1.00 1.00 1.00 1.00 1.00 1.00 0.97 0.98
0.14 0.19 0.19 0.56 0.48 0.73 0.59 0.69 0.86 0.40 0.86 0.48 0.90 0.91 0.84 0.96 0.64 0.94 0.95 0.81 0.99 0.56 0.93 0.99 0.96 0.99 1.00 1.00 0.96 0.98 0.98 0.91 0.99 0.99 0.55 0.99 0.99 0.89 0.80 0.90 0.81 0.94 0.99 0.97 0.99 1.00 1.00 1.00 1.00 1.00 1.00 0.98 0.99
0.10 0.15 0.17 0.53 0.44 0.70 0.55 0.65 0.84 0.39 0.83 0.48 0.88 0.89 0.83 0.95 0.65 0.92 0.93 0.82 0.99 0.58 0.94 0.99 0.94 0.99 1.00 1.00 0.96 0.96 0.97 0.91 0.98 0.98 0.55 0.98 0.98 0.88 0.79 0.90 0.81 0.94 0.98 0.97 0.99 1.00 1.00 1.00 1.00 1.00 1.00 0.97 0.98
0.12 0.18 0.15 0.54 0.47 0.71 0.57 0.67 0.85 0.36 0.85 0.45 0.89 0.90 0.81 0.95 0.62 0.93 0.94 0.79 0.99 0.54 0.92 0.99 0.96 0.99 1.00 1.00 0.95 0.97 0.98 0.90 0.98 0.99 0.52 0.98 0.98 0.87 0.78 0.88 0.79 0.93 0.99 0.97 0.99 1.00 1.00 1.00 1.00 1.00 1.00 0.97 0.99
0.16 0.25 0.34 0.56 0.53 0.72 0.63 0.71 0.86 0.54 0.87 0.62 0.90 0.91 0.91 0.94 0.75 0.94 0.95 0.86 0.95 0.66 0.95 0.95 0.96 0.96 0.96 0.96 0.99 0.97 0.98 0.97 0.98 0.98 0.67 0.98 0.98 0.95 0.89 0.96 0.90 0.99 0.98 1.00 0.98 0.97 0.97 0.97 0.98 0.97 0.97 1.00 1.00
0.18 0.27 0.26 0.59 0.55 0.75 0.65 0.73 0.88 0.47 0.88 0.55 0.92 0.93 0.88 0.96 0.69 0.96 0.96 0.82 0.97 0.59 0.92 0.97 0.97 0.98 0.97 0.98 0.98 0.99 0.99 0.94 0.99 0.99 0.60 0.99 0.99 0.92 0.84 0.93 0.85 0.97 1.00 0.99 0.98 0.98 0.98 0.98 0.99 0.98 0.99 1.00 1.00
